all_average =[268.0628601996964, 219.19260972944278, 229.90391984881776, 220.43183140873782, 224.2879238766505, 236.33024057461125, 197.63466496341334, 201.7358571384064, 208.6417625975174, 215.88279409529054, 222.80752367338053, 225.52274300000443, 227.10329555552534, 228.4986269387833, 230.39016431079662, 223.82447439609024, 226.59540098338968, 210.80376741230123, 212.25351367581166, 197.78034487965536, 200.52076409522928, 203.33854919197765, 206.62063978171196, 207.05433896566987, 208.81271196358705, 209.85000043309321, 212.3578690193953, 203.60956739010325, 205.8972126713582, 208.48628758934666, 208.4199178505427, 205.85387733152555, 208.0486389372812, 209.77960284893538, 202.59047219374207, 203.98511017802173, 205.70274678533852, 207.1739379641286, 200.96937298610487, 200.05004373157416, 201.37438047286503, 202.22246435026713, 203.73586194074215, 198.85366072089835, 194.06131158647807, 195.0458861694649, 197.01694988358184, 199.0944001207018, 197.51943637578952, 192.43410833400063, 191.41537613966094, 192.73711690942548, 190.932762776393, 192.17275058659035, 193.16515018742237, 194.259392456539, 195.26584332830214, 195.71596837522114, 196.9632024117114, 197.95084174856095, 199.179184827476, 198.4512137332507, 199.9127493339669, 201.34064783636057, 202.28277165860004, 201.33840944713853, 201.72331491576705, 202.50366799458448, 203.56099732992033, 204.11560955928033, 204.97535132362412, 205.26878928104492, 204.51988315128392, 205.3145458355878, 205.87902869580952, 207.0468853395338, 207.3200706036986, 208.52703728091683, 209.4049193054495, 209.73421959089606, 208.74699917505674, 205.62009484326202, 206.15569911587687, 203.3132735884113, 200.31082940841992, 200.94112174849286, 201.298544619618, 201.98992025795906, 202.6604698632995, 203.55036267776438, 204.46260887449, 204.1209362017756, 204.86869612499035, 205.56055129953785, 206.06558356489205, 205.70374377823387, 205.90243662067914, 206.2886363946891, 203.84725931364417, 204.32226040362625]
all_rewards =[268.0628601996964, 170.32235925918917, 251.32654008756776, 192.01556608849793, 239.7122937483012, 296.5418240644151, -34.53878870377405, 230.44420236335776, 263.8890062704056, 281.05207757524863, 292.0548194542803, 255.39015559286744, 246.0699262217765, 246.63793492113712, 256.8716875189828, 125.33912567549396, 270.93022638018067, -57.65400329620219, 238.34894641899933, -77.2098622473143, 255.3291484067082, 262.51203622369263, 278.82663275586685, 217.0294201967027, 251.01366391360014, 235.78221217074673, 277.56245226324927, -32.594576600781245, 269.9512805464965, 283.56946021101203, 206.4288256864248, 126.30662124199178, 278.2810103214613, 266.9014119335237, -41.839970082830334, 252.7974396278109, 267.53766464874235, 261.6080115793626, -34.80409617879711, 164.1962028048764, 254.34785012449962, 236.99390332375404, 267.29856074069437, -11.080991732385337, -16.802050328012353, 239.3517424038714, 287.68588073296314, 296.7345612653328, 121.92117662000095, -56.746965713655236, 140.47876642267676, 260.14589616741546, 97.10634785870326, 257.89210452705026, 246.75472863235234, 254.44271725795556, 251.62709214703793, 221.37309604960308, 269.30277652814834, 256.2215626226846, 272.8797695623796, 154.0449769855078, 290.52795657836975, 291.29825348716145, 262.5786962819251, 139.95486570214126, 227.12707584524935, 254.78732427535164, 275.4593921327578, 242.38385338511983, 265.1572748276903, 226.10288425792174, 150.59864180849303, 263.3249217897711, 247.65076035221443, 294.63613361885405, 228.08215068022318, 301.4634714267196, 277.87971721899976, 235.74894214117268, 129.76936590791283, -47.6591560321087, 250.0752494702948, -32.608045191231945, -51.89448171085559, 254.51597065469522, 232.0369115363803, 262.1396007936254, 261.66883513325837, 282.7508231651385, 286.5647665797935, 173.02872298476643, 273.66260906074746, 269.9030825324537, 253.53861650818675, 171.32896404571056, 224.97694949542193, 243.75001447365497, -35.4076946287565, 251.34736831184875]